500
100
37 95
58 42
11 53
69 25
31 79
92 47
26 71
63 17
51 85
74 36
13 62
81 23
39 93
56 44
9 51
71 27
33 77
94 49
24 69
65 15
53 83
78 32
17 60
79 25
41 91
54 46
7 49
73 29
35 75
96 51
22 67
63 13
55 81
76 30
19 58
87 21
43 89
52 48
5 47
75 31
37 73
98 53
20 65
61 11
57 79
78 28
21 56
85 23
45 87
50 50
3 45
77 33
39 71
100 55
18 63
59 9
47 77
80 26
23 54
83 19
43 85
46 52
1 43
79 35
41 69
102 57
16 61
57 7
49 75
82 24
25 52
81 17
47 83
44 54
2 41
77 37
40 67
104 59
14 59
55 5
51 73
84 22
27 50
79 15
45 81
42 56
4 39
75 39
38 65
106 61
12 57
53 3
47 71
86 20
29 48
71 13
43 79
40 58
6 37
73 41